7.113704630372241156e-07
6.634517916119073083e-07
4.925678969409420745e-07
1.263932239457305768e-07
-4.410338649562197427e-07
-1.112356612869781163e-06
-1.696869532903162456e-06
-1.977617231895241255e-06
-1.810827993871649096e-06
-1.205363740943425617e-06
-3.330157872934127594e-07
5.406996191599211559e-07
1.168244684667235363e-06
1.415156395211146388e-06
1.292594769532186245e-06
9.198973379608531583e-07
4.500915166110425495e-07
5.938472396736762565e-09
-3.442613310327247980e-07
-5.744092760902970348e-07
-6.772166338093634207e-07
-6.537812918247803261e-07
-5.210557768938755223e-07
-3.225893213313032829e-07
-1.239987134784930299e-07
1.157130486346568667e-08
5.386583138347509188e-08
2.023231546845498271e-08
-3.654579823752079381e-08
-5.917607734122763443e-08
-1.553424239585482905e-08
8.873523806911489402e-08
2.165217531165718925e-07
3.161933400362156550e-07
3.416020037805699792e-07
2.728662935661359443e-07
1.350921022198695590e-07
4.596721383777914772e-09
-1.158930346839299325e-08
1.738302107463626939e-07
5.677448130553878179e-07
1.062599394443234049e-06
1.459114536494463885e-06
1.545055399604039026e-06
1.193844902004666036e-06
4.307502910079756218e-07
-1.757962603002878599e-02
-1.545136979365561875e-06
-2.247857449100018733e-06
-2.517327553309191081e-06
-2.325400450225634697e-06
-1.768333931276577670e-06
-1.020847538082554268e-06
-2.709290886791089618e-07
3.418909699093692988e-07
7.634229422597136103e-07
1.022810636037623313e-06
1.194025644855436553e-06
1.342669907125867480e-06
1.487782165314975942e-06
1.596809377034289726e-06
1.609370270923490526e-06
1.469745949138947507e-06
1.150070678170487349e-06
6.601253800631268166e-07
2.012507901686142742e-01
-5.934088680589565514e-07
-1.155257534873247860e-06
-1.524376396803076700e-06
-1.631160482010274673e-06
-1.478224983410606191e-06
-1.140940248149979727e-06
-7.346749860214591907e-07
-3.667969289516520006e-07
-9.957613181976249965e-08
5.975912483980542599e-08
1.432073414978868260e-07
1.938199221928132922e-07
2.397144283222721499e-07
2.796353298105931444e-07
2.843196505727178285e-07
2.138953193097720617e-07
2.187957790615262799e-01
-2.004639932082398360e-07
-4.557615181595311385e-07
-6.229434748041980086e-07
-6.171767262602829083e-07
-4.060376680523956178e-07
-2.696494284517286783e-08
4.255409377573797459e-07
8.323652153779109375e-07
1.083096514192237209e-06
1.098416921332393741e-06
8.432966551120170135e-07
3.391056024169267208e-07
-3.242290065138794106e-07
-9.880803059023267672e-07
-1.454122155936866915e-06
-1.547510658334233189e-06
-1.194162817455377243e-06
-4.712429466244473753e-07
4.055923471275024513e-07
1.161702887678922765e-06
1.574070501598767514e-06
1.557459895285826412e-06
1.182175109296084080e-06
6.193816252153836404e-07
5.280275705766678891e-08
-3.909808592387159771e-07
-6.634084246433206068e-07
-7.714894128878856304e-07
-7.409048581693065507e-07
-5.923575611128901542e-07
-3.405075237353945716e-07
-6.926777497467457483e-09
3.673927390339394381e-07
7.197213707974996073e-07
9.756535738909571862e-07
1.068279973067223594e-06
1.681085937485307194e-05
6.576498678676700679e-07
4.668171863375732145e-02
-2.719897438439716211e-07
-6.963334027529725274e-07
-9.615417865981871475e-07
-9.962323230466189237e-07
-7.789266331267244035e-07
-3.488829499159537831e-07
1.923185821627096382e-07
6.964577822898971108e-07
1.003973210342494444e-06
9.928410709823644125e-07
6.257832677529970187e-07
-2.424208359320258026e-08
-7.857575521386409005e-07
-1.439369043239059565e-06
-1.791983715876983039e-06
-1.746282727768991391e-06
-1.334328989311717333e-06
-6.977495955695378840e-07
-2.340194882418861095e-08
5.332188995088367087e-07
8.989187684767339486e-07
1.085154576531967795e-06
1.147241712794698710e-06
1.131460898699688519e-06
1.045991648422129041e-06
8.714080128894867487e-07
5.963592267011804640e-07
2.471820663037103310e-07
-8.983783352253792154e-02
-4.019153804526220193e-07
-5.669448771896990398e-07
-5.860090870464441015e-07
-4.758401038866058577e-07
-2.821445581600149803e-07
-7.238219142270943377e-08
7.299123915691292132e-08
7.965427973797627676e-08
-8.996176407717379323e-08
-4.082874153678334327e-07
-7.764519152597429240e-07
-1.050298677484642494e-06
-1.090247818915021514e-06
-8.145008693634613844e-07
-2.355106247837080325e-07
5.317792651945793451e-07
1.292780256875844020e-06
1.824609491339826109e-06
1.946902456271758198e-06
1.591250982518235060e-06
8.383135665117734544e-07
-9.849019275364447046e-02
-9.619293070819569615e-07
-1.518477930266941306e-06
-1.667830458454458263e-06
-1.452503760619242862e-06
-1.022449051929744760e-06
-5.564288645416645156e-07
-1.836945923008562632e-07
5.882377483926568022e-08
2.190861193623118734e-07
3.819347433698162583e-07
6.083254013056779794e-07
8.937482657433717569e-07
1.165958042784308659e-06
1.320221505509371368e-06
1.270320715091275644e-06
9.872614559111468808e-07
5.085897117121744368e-07
-7.884511334584911289e-08
-6.661099404720907636e-07
-1.144778095962124273e-06
-1.422918118572784260e-06
-1.441676718277580038e-06
-1.195874097119850305e-06
-7.494468734773082174e-07
-2.290296952204369220e-07
2.134089810206597814e-07
4.585485662889450929e-07
4.705655497489089035e-07
3.113899244996054168e-07
1.070062001591189869e-07
-1.798918029921498844e-08
-2.497081609737807073e-09
7.958900076419035685e-02
2.734295794602087121e-07
3.408733255293094053e-07
2.807239539209751991e-07
1.269248640770152958e-07
-2.339921958329768204e-08
-6.442083471180181944e-08
5.721469799592981097e-08
3.080949389351859628e-07
5.796792055171114848e-07
7.397253348013857945e-07
6.959813842063711142e-07
4.391741063519894114e-07
4.522311642693044450e-08
-3.605562720378797072e-07
-6.561215874488393851e-07
-7.671258170100373216e-07
-6.871408209070456624e-07
-4.713468478099004451e-07
-2.110534098267857417e-07
5.565942349997481067e-10
1.013434611016339888e-07
8.124256941086088146e-08
-1.871394781298837468e-08
-1.326001970972215246e-07
-2.097566374110805711e-07
-2.445193225499017277e-07
-2.727100384673903884e-07
-3.330446708211736363e-07
-4.196628556981897972e-07
-4.645488218227825781e-07
-3.714970721435036116e-07
-8.518207694549233409e-08
3.521499561785773483e-07
8.014401351716675009e-07
1.092483812720256107e-06
1.116090150549238661e-06
8.841452134028058153e-07
5.196805943749923809e-07
1.856989601638756905e-07
-9.132597965515333947e-10
-2.054857280437262599e-08
1.792398465127137686e-01
1.188344317203901849e-07
8.544103668846190978e-08
-5.865262134860312363e-08
-2.564190081599243904e-07
-4.156562191532204252e-07
-4.633299818622041983e-07
-3.878603719547124898e-07
-2.441737451164250770e-07
-1.177393620387212733e-07
-7.058980693209643926e-08
-1.053662249476453841e-07
-1.709162951663600284e-07
-2.026841829810346071e-07
-1.663879999604071331e-07
-7.385913389582133616e-08
3.594518946591524973e-08
1.306382065068449952e-07
4.894798737402165228e-02
2.698084127536771733e-07
3.333958239953713883e-07
3.744482703124748406e-07
3.485809929248452721e-07
2.146831317000961727e-07
-3.005986302562437307e-08
-3.298018876197769369e-07
-5.808319277374354560e-07
-6.741987812545443729e-07
-5.521284342531585523e-07
-2.480259764876574009e-07
1.164624545752181621e-07
3.824100522754137929e-07
4.295482039534046397e-07
2.371167364025892146e-07
-1.042014029888984294e-07
-4.358371039888662221e-07
-6.061105750347575077e-07
-5.370712810809983915e-07
-2.520384316799191157e-07
1.442249573579763851e-07
5.164292305586104851e-07
7.525616184888343637e-07
7.968152792394838335e-07
6.528172930219720007e-07
3.642918379078913992e-07
-1.070537149075824342e-08
-4.170163751678464512e-07
-8.048193858740423089e-07
-1.121572845326317591e-06
-1.304932678329378237e-06
-1.288486061638436443e-06
-1.024581755296692871e-06
-5.157521819562792000e-07
