  -2.0723231e-03
  -1.7362509e-02
  -1.0730090e-02
   4.9692373e-03
   1.1547382e-02
   2.1573833e-03
  -1.4332110e-02
  -2.2609791e-02
  -1.4703455e-02
   3.3387302e-03
   1.6717053e-02
   1.4036328e-02
  -3.6550256e-03
  -2.3507358e-02
  -2.9707857e-02
  -1.3423991e-02
   2.2510117e-02
   6.5597138e-02
   9.9693863e-02
   1.1171057e-01
   9.6936907e-02
   6.1525148e-02
   2.0467219e-02
  -9.4112334e-03
  -1.8547035e-02
  -1.0074459e-02
   2.8195976e-03
   6.3866310e-03
  -4.0417360e-03
  -2.1259254e-02
  -3.1983025e-02
  -2.6686781e-02
  -6.4505482e-03
   1.7674968e-02
   3.2226796e-02
   3.0791765e-02
   1.8732353e-02
   9.0532812e-03
   1.1524173e-02
   2.3414436e-02
   3.0631537e-02
   2.0189949e-02
  -5.8796652e-03
  -2.8651062e-02
  -2.6917140e-02
   2.4291047e-03
   3.6518013e-02
   4.0837535e-02
  -3.2294339e-03
  -7.9461921e-02
  -1.4323574e-01
  -1.5062344e-01
  -8.9337936e-02
   1.1309643e-02
   9.8819721e-02
   1.3109166e-01
   1.0171665e-01
   4.0282631e-02
  -1.0938086e-02
  -2.6312640e-02
  -1.1330763e-02
   6.9344272e-03
   4.5426145e-03
  -1.9305773e-02
  -4.2468250e-02
  -3.9314848e-02
  -3.0745385e-03
   4.7246022e-02
   8.0779401e-02
   7.7983319e-02
   4.4408438e-02
   4.5893117e-03
  -1.8021158e-02
  -1.8248041e-02
  -9.9617894e-03
  -1.1040890e-02
  -2.6102027e-02
  -4.1666700e-02
  -3.7415005e-02
  -3.8037427e-03
   4.8391006e-02
   9.3987500e-02
   1.0986522e-01
   8.9553761e-02
   4.5954882e-02
   1.6582577e-03
  -2.5073304e-02
  -2.8966966e-02
  -1.6851597e-02
  -3.4357484e-04
   1.1391821e-02
   1.4562591e-02
   9.8255921e-03
   5.2969705e-04
  -8.1861282e-03
  -1.0539722e-02
  -3.2362657e-03
   1.0074422e-02
   1.6435151e-02
  -3.3491507e-03
