9.806165886374305918e-05
2.307097459786037509e-03
-1.843003847083235112e-03
1.736753021842727448e-03
-5.978991205960990790e-03
4.073855349704969334e-03
2.388542812324424749e-03
-1.737752381091872645e-03
3.319838002974890602e-03
-5.055253414328624365e-03
1.896107399600195772e-03
4.820874149177026475e-04
1.353507254010787877e-04
3.839754568779128307e-03
-5.705153324666911545e-03
-1.508901768406594422e-03
-3.097829667627088890e-03
-6.383203659146875482e-05
-1.742913371585003016e-03
1.159546797969712023e-03
-8.871166096692921239e-04
-1.834335045536339328e-03
-1.224925306838894705e-04
2.408394672563331316e-03
-2.559419186106693268e-03
-8.919249446191695541e-04
-1.780220167453096854e-03
6.280077102797239049e-04
-9.721813072508668063e-04
7.922599605693171404e-04
6.249394810882044583e-04
4.024210344601934948e-03
-3.416648630698004233e-03
-6.144000919986242724e-03
2.142200322056378881e-03
-9.562473074501981344e-04
-6.032791409222362615e-03
-2.992432089994565567e-04
-3.765864110144698761e-03
4.488591121055107019e-03
-5.073388646037297299e-04
-3.536114805167199331e-03
-6.293868906749126293e-04
-4.330409540466790587e-03
3.445500151650324454e-03
-1.068547396211140922e-03
4.906676654267316980e-03
-4.189829286081633158e-03
2.992923424176461948e-03
-1.772651834544758257e-03
-2.993492437335112943e-03
-8.340590411259549142e-03
-2.717338677850399207e-03
-5.887610783155407430e-03
1.994452320706428718e-03
-4.817709015389021535e-03
-2.227263341627529376e-03
-1.230106284523254257e-03
-3.747773285058219467e-03
2.493209860675942003e-05
2.840605019655735759e-03
2.121718943193812417e-03
-5.956049806220594777e-04
-1.990201844608980447e-03
-5.932311731502654464e-04
7.459021187512908553e-03
8.616750156255750803e-03
3.646706705625240089e-04
7.635959066210459313e-03
9.335098224183525917e-03
7.400155953372193965e-03
2.058984183964997130e-03
-5.537375032097321959e-03
-1.375850805011033171e-02
-2.073288740935999228e-02
-2.250732334374544452e-02
-1.576125046496056753e-02
-9.560965055494115641e-03
-2.918629860155160481e-03
8.684271115673870139e-04
3.210850342083002452e-03
1.140000164034224092e-03
-4.131284430954321532e-03
-2.586161449903636930e-02
-5.133858385143422187e-02
-6.916822477087367083e-02
-8.221279647756904452e-02
-9.062071975672322810e-02
-6.496414289574578560e-02
-1.387864757061737717e-02
5.320436562526499602e-02
1.220597780155360940e-01
1.810429475169672842e-01
2.036289435935512981e-01
1.767577471855701354e-01
1.249759662392205262e-01
4.778999193094254916e-02
-2.061413753645947866e-02
-8.443004761860248286e-02
-1.137347676769391164e-01
-1.284667834122565910e-01
-1.358160995221470435e-01
-1.448171721243048660e-01
-1.289734781679745812e-01
-1.192266322125508232e-01
-7.844010866131825854e-02
-2.261098637502029912e-02
5.438832047760451538e-02
1.374534995204506338e-01
1.985395057965511356e-01
2.226853291193974793e-01
1.958387377483970793e-01
1.395909541630100115e-01
6.334279310951704267e-02
-1.436597640594794272e-02
-6.650782043969744040e-02
-9.695950162910431380e-02
-9.714340248517921994e-02
-7.554147512284745125e-02
-6.866656354859231037e-02
-3.987290362172075942e-02
-1.739342607166085436e-02
-8.962296132587779102e-03
-9.829055070674882350e-03
-4.739597928342197293e-03
-1.641832130291193820e-03
-6.735370155808652511e-04
-8.485572735182146968e-04
2.268945930980697991e-03
1.643069622035268386e-03
-6.802248172944983309e-03
2.993274998139640580e-03
5.992986627753761793e-03
-2.630386335016696858e-03
3.641053629991308684e-03
-2.507561508038139500e-03
4.618841615859755820e-03
-4.905334351502336696e-03
-7.429119567928956988e-03
-3.438617667395543927e-03
-1.086529755067386881e-02
-1.650262218053527921e-02
-2.343972586653982754e-02
-2.708325465387213110e-02
-1.461216294134933327e-02
-7.267941389660420234e-03
1.966769601823220928e-02
2.618791090805034846e-02
5.009503721740681675e-02
5.015246345406100537e-02
4.309559972041850096e-02
3.300273821540514879e-02
1.208423480943781117e-02
-4.864104186445068756e-03
-1.555029379079913773e-02
-2.199245315099681436e-02
-2.046640876034938952e-02
-1.934914240239666433e-02
-1.480667233007379804e-02
-9.836037290265426877e-03
-3.155571499371702220e-03
9.127910220224637501e-04
-3.024684408748130535e-03
-1.675849026090745538e-03
-1.980719219606216601e-03
1.281313162434451376e-04
3.875450063094703843e-03
1.026859365224787324e-02
1.272374966408664973e-02
2.286924260647892754e-02
2.998655255367397438e-02
3.513493129492571004e-02
4.381669868939026824e-02
3.025160190467707233e-02
7.082305246709831928e-03
-2.264170198026911260e-02
-5.119507156494178951e-02
-8.364911022379530048e-02
-8.995240620243945273e-02
-8.049858810486094918e-02
-5.331663708440247118e-02
-2.083248886020883442e-02
6.645145417874979282e-03
3.319327230407223550e-02
3.742045336018932911e-02
4.466472902814936502e-02
2.896172963079378729e-02
2.531703619540268471e-02
2.066582006194853799e-02
2.361626885344050852e-02
1.965850040487409148e-02
3.461734088117341540e-02
3.942117365867181533e-02
4.370273969979757839e-02
3.799134574395016117e-02
2.498822686872113896e-02
4.145405760762072706e-03
-2.298039135594017943e-02
-5.826916635339476902e-02
-9.750723448457689069e-02
-1.062559565761931890e-01
-9.320449043313712434e-02
-6.053632617705648894e-02
-2.251284733133884428e-02
6.173410811751923327e-03
3.298851354396770130e-02
4.722044402674858976e-02
4.290682866564850262e-02
3.936924900464629923e-02
2.696972238762949947e-02
1.639110530976741961e-02
1.170094637513221202e-02
-9.584647664332293995e-04
3.422229848182640165e-03
3.302880793865405930e-03
3.262372312534211546e-03
-6.081928815530789068e-03
2.589421180108136909e-03
9.181499627373544692e-03
1.335554034609899229e-03
-7.117026561900578405e-03
-8.668867157058779416e-03
-7.992276213512602978e-03
-1.528611739233674133e-02
-2.347263612208571465e-02
-2.361624142178815264e-02
-3.515866349540603536e-02
-3.566326977497757955e-02
-2.306280384376456147e-02
-4.987291859070470609e-03
2.951212912578898145e-02
4.444952976409406731e-02
7.523407683983618366e-02
7.971667140134240659e-02
7.464788119081222639e-02
4.829487106415177727e-02
2.650856804132611586e-02
-6.307373920446076795e-03
-2.352516372828374058e-02
-3.437372155856856931e-02
-3.879316289764449255e-02
-3.263561519846053943e-02
-2.300388211939776925e-02
-1.949712552614391026e-02
-8.110108122415398552e-03
-3.681066191938819204e-03
-4.912211886336432728e-03
2.921783956664602416e-03
-3.235616022675491879e-04
-2.495121102943195952e-03
-6.903415274828179730e-03
4.096539141747859714e-03
3.177571717425243039e-03
-1.364943044226682618e-03
-4.051381789655946267e-03
3.772912472575200120e-03
-1.974077318151696691e-03
-3.479905414408141200e-03
-1.939644550815020248e-03
5.497503931277049338e-03
-3.989666106402217985e-03
-4.138016080713922962e-03
-1.622564018748969775e-03
-9.061542092306792973e-03
-1.855231328350973388e-02
-3.326878691123739962e-02
-4.242184941488812838e-02
-6.217913086365279424e-02
-8.193234739477110729e-02
-7.803600986407246975e-02
-5.680818541834246199e-02
-2.182147905579286812e-02
4.647374111183379813e-02
1.121403822301920705e-01
1.592339054294834300e-01
1.797412357185937670e-01
1.594662994270425460e-01
1.087348507164499767e-01
4.789443764340334947e-02
-1.349094449517857300e-02
-5.627983954584826060e-02
-8.202035833882302673e-02
-8.018985243382102668e-02
-8.028402374320650625e-02
-5.896292783316878228e-02
-4.237647461442928254e-02
-3.921360059048747959e-02
-2.850912713124630765e-02
-1.811104025259967915e-02
-7.383121167094859084e-03
1.283716636416953362e-02
2.994397271186273468e-02
4.594910238476453135e-02
5.425792638814498636e-02
4.838436502888688456e-02
3.481440710456034510e-02
2.105404068997363681e-02
-5.396591559047229578e-03
-1.946613368537179062e-02
-2.017278773708428355e-02
-3.092964662659641178e-02
-1.483656348067492053e-02
-1.103840500535380707e-02
-1.127824655502466036e-02
-1.143597175658575375e-02
-1.366456899159541579e-03
-2.405289986542406486e-03
3.119713139916583831e-04
-6.390066631664302263e-03
-4.003195486361210177e-03
-1.566027351600287514e-03
-1.041735246942554309e-03
1.548830954236644084e-03
-3.092389867688929896e-03
2.538543735781437390e-03
-7.532702595294399339e-04
-6.499126979720963463e-04
-7.329764473621936055e-04
-1.522119736290122351e-03
-1.829698510364455278e-04
-1.403071654744361902e-03
2.748780918785768967e-03
-6.189681866337490507e-04
-1.598642083636224627e-03
2.664112763630649330e-03
4.755126589902096933e-03
1.009693214704456346e-03
-5.757431155446600824e-04
-1.073821820798889336e-03
-9.469349663846300311e-05
1.178053667448528607e-03
3.396275679236850607e-03
-5.368424939345689886e-03
-3.801640298565999408e-03
4.752794349829954357e-03
7.640512225355258237e-03
-7.612641962624094871e-03
3.740383369533692177e-03
-1.009384023182125596e-03
-6.430291211948027143e-03
3.647297905709293887e-03
-4.043244494610661981e-03
1.741417477377050962e-03
-4.252922156626260698e-04
-2.326978536482349810e-03
-1.616320621026550147e-03
2.745567271326090257e-04
1.330198406914790050e-04
-5.691962216354112640e-03
-1.736008892652548489e-03
4.949556304538774328e-03
4.138641461855161081e-03
5.146166445794551209e-03
-2.546537536828762192e-03
