  -1.8372134e-03
  -1.8424766e-02
  -1.8539031e-02
  -1.9224413e-02
   3.5696597e-02
  -4.0037797e-03
   1.8808233e-02
   6.9831267e-03
   3.7185606e-02
   1.8541439e-02
  -2.4539277e-02
  -6.5447828e-03
   1.7832928e-02
   5.7637116e-03
   4.5303909e-02
  -9.5780661e-04
  -3.1037281e-02
   8.8816662e-03
  -1.8236378e-02
   9.8868901e-04
   2.1560897e-02
   6.1634746e-03
   5.9923167e-03
  -3.9462706e-03
  -2.9358261e-03
  -2.0879290e-03
  -5.6067824e-02
   7.5942167e-03
   1.9033844e-02
  -2.7975261e-02
  -3.5327767e-02
   1.5553151e-03
  -5.2300053e-02
  -7.4860318e-02
  -5.4162827e-02
  -1.2008504e-01
  -1.2111798e-01
  -1.9986001e-01
  -1.8554544e-01
  -1.2243645e-01
  -1.8823792e-02
   1.1678805e-01
   2.5773618e-01
   3.6432050e-01
   4.0587967e-01
   3.9489834e-01
   2.7695155e-01
   1.5616690e-01
   3.2862043e-02
  -1.4353486e-01
  -1.3514080e-01
  -2.2322184e-01
  -1.9928781e-01
  -1.9237684e-01
  -2.3583142e-01
  -1.7090398e-01
  -5.8272815e-02
  -7.3254956e-02
   4.9249771e-03
   6.2988380e-02
   1.3080632e-01
   1.5670698e-01
   1.2229254e-01
   1.1819992e-01
   1.0781457e-01
   7.4578266e-02
   1.1353407e-01
   7.5686127e-02
   9.0498014e-02
   7.3041282e-02
   4.1040151e-02
   9.9690626e-03
  -1.3641494e-01
  -2.7613208e-01
  -4.4399322e-01
  -4.7119758e-01
  -4.6859062e-01
  -2.2326086e-01
   1.6158920e-02
   2.5450376e-01
   4.0412238e-01
   4.7027497e-01
   4.1029437e-01
   2.7200288e-01
   4.1876128e-02
  -7.5122023e-02
  -1.5767497e-01
  -2.7328602e-01
  -2.4462794e-01
  -2.0520719e-01
  -1.2294079e-01
   6.7928838e-02
   1.7676012e-01
   2.4325778e-01
   2.8660259e-01
   2.4021183e-01
   1.1500747e-01
  -4.9320602e-02
  -1.3131767e-01
  -2.5114580e-01
  -3.1571119e-01
  -3.2093433e-01
  -2.7364971e-01
  -1.2172199e-01
   5.5490152e-02
   1.9618067e-01
   3.5100262e-01
   3.8639534e-01
   3.5290964e-01
   2.1827239e-01
   8.8853089e-02
  -2.3033477e-02
  -1.4364078e-01
  -1.7023830e-01
  -1.3453000e-01
  -1.3013418e-01
  -8.6259022e-02
  -2.2737672e-02
  -1.7764864e-02
  -1.4194909e-02
   2.8160038e-02
  -2.2981532e-02
  -1.5665647e-02
   3.9594733e-02
   8.8155767e-03
  -9.3026865e-04
   9.1368345e-03
  -5.2902601e-03
  -5.8416044e-03
  -7.7364171e-03
  -1.1079959e-02
  -1.8874579e-02
  -1.1969676e-03
  -1.1493695e-02
   2.8837106e-02
   4.7105346e-03
   2.0427531e-02
  -2.7966107e-03
  -1.6310221e-03
   2.5164935e-02
   2.9370680e-02
   6.5881712e-04
   3.3849563e-02
   9.5145712e-03
   7.3706044e-03
   4.3840014e-02
   3.0713702e-02
   1.8145204e-02
   8.0451916e-03
  -1.0767640e-02
