  -3.0305451e-04
  -5.5534675e-04
  -7.0373801e-04
  -7.2300847e-04
  -6.7687896e-04
  -6.0761014e-04
  -5.2930760e-04
  -4.4765661e-04
  -3.8948098e-04
  -3.8832588e-04
  -4.6810464e-04
  -6.2017541e-04
  -7.4311417e-04
  -6.4143579e-04
  -2.8907990e-04
   6.0663730e-05
   6.5668363e-04
   5.3883348e-03
   8.3305110e-02
   2.1443945e-01
   9.4117454e-02
   7.8989268e-03
   9.1534325e-04
   2.1444685e-04
  -1.3096114e-04
  -6.5648009e-04
  -1.8870792e-03
  -6.2042073e-03
  -1.2078690e-02
  -3.4908966e-02
  -2.1985137e-02
  -3.1268784e-03
  -5.0451402e-04
   8.9083815e-05
   1.0281312e-03
   1.0997284e-02
   3.9230807e-02
   3.0053818e-02
   1.3219379e-02
   2.8364113e-03
   6.3920218e-04
   1.5469673e-04
  -1.9509307e-05
  -3.5831070e-05
   6.3812377e-05
   2.0497926e-04
   2.0734031e-04
  -1.7981752e-05
  -6.1440140e-04
  -1.0759760e-02
  -2.0153985e-01
  -1.3817851e-01
  -2.2321547e-03
   1.3112048e-05
   2.5971481e-03
   1.3271832e-01
   1.7351350e-01
   8.6885327e-03
   5.1205211e-04
  -1.7343310e-04
  -1.4257360e-03
  -7.2088190e-03
  -1.4603778e-02
  -2.0663817e-02
  -4.5187693e-03
  -4.4883428e-04
   2.1653229e-04
   2.7479281e-03
   6.9654436e-02
   1.3843118e-01
   2.0273332e-02
   1.0761788e-03
   7.0086326e-05
  -6.0987997e-04
  -3.7717452e-03
  -1.9687100e-02
  -4.6914247e-02
  -1.4606493e-02
  -9.4238885e-04
   2.3312980e-05
   1.4948548e-03
   7.0607086e-02
   2.3090866e-01
   3.8053461e-02
   8.5941556e-04
  -9.3758109e-05
  -1.2902428e-03
  -6.1753659e-03
  -4.5561733e-03
  -1.2300161e-03
  -2.2462873e-04
   2.1779326e-04
   7.3700492e-04
   1.0355414e-03
   8.8299519e-04
   6.0157736e-04
   4.2951992e-04
   3.8429478e-04
   4.0611321e-04
   3.8430654e-04
