5.591747021172810359e-07
6.360716339793692971e-07
5.586347916214246981e-07
3.177915642149466783e-07
-3.314507442289002040e-08
-3.978110404329197576e-07
-6.752720449213180948e-07
-7.995707085516835498e-07
-7.622109566508221269e-07
-6.074947551894718860e-07
-4.033640497318463169e-07
-2.028373139668394601e-07
-1.730047812148735109e-08
1.819247261244446726e-07
4.329064425292191319e-07
7.409878922425587863e-07
1.052176231294624240e-06
1.261621193721745793e-06
1.256572542177845464e-06
9.725771347975849346e-07
4.329378500085394094e-07
-2.501957105081686347e-07
-9.142213687225092333e-07
-1.404781557674260878e-06
-1.626581281700234712e-06
-1.564271619174655296e-06
-1.269258755504020240e-06
-8.275797043910287247e-07
-3.313275474234389554e-07
1.333927339563700443e-07
4.863367031468555586e-07
6.554903029870137036e-07
5.921035639896381658e-07
2.945678778405994656e-07
-1.733128830172081466e-07
-6.831249199341326519e-07
-1.065889103602091771e-06
-1.155025425591532620e-06
-8.397031641204788143e-07
-1.159324681545496968e-07
8.832516135419954181e-07
1.898904978873390279e-06
2.609562435936583568e-06
2.737057373582055497e-06
2.158300844294233241e-06
9.702499162828995372e-07
-1.898010408471209609e-02
-1.928397411459135124e-06
-2.869575631646842458e-06
-3.029703372647980133e-06
-2.458111123589404518e-06
-1.316900343787002154e-06
6.251335958708753940e-08
1.315675263023024587e-06
2.154246515719675530e-06
2.441457830717255604e-06
2.211629297325007392e-06
1.630580026770330165e-06
9.195027894020680118e-07
2.780618753055381399e-07
-1.657415222415073203e-07
-3.702168414502059173e-07
-3.665681354504107662e-07
-2.320974585659062697e-07
-6.272896223348555823e-08
2.019506830576748013e-01
3.449258108133160597e-08
-1.410711579711737719e-07
-4.627579232516356800e-07
-8.663558341533955084e-07
-1.249275809107629795e-06
-1.496876642147734182e-06
-1.518962068390713668e-06
-1.285164071786375011e-06
-8.442334364234648642e-07
-3.151532640841085134e-07
1.515896884353556940e-07
4.303283755464074522e-07
4.712845309868192613e-07
3.224970608286351916e-07
1.099675677915450762e-07
-1.747632173424904477e-08
2.225447001997198915e-01
3.093534394300531676e-07
6.881210438456762339e-07
1.032548792707105464e-06
1.200407688789964438e-06
1.120139163859888742e-06
8.201508153227197518e-07
4.088910486965924252e-07
1.792272193354128390e-08
-2.598072647573725210e-07
-4.033794797948705596e-07
-4.545006687950606348e-07
-4.773102612456077092e-07
-5.162305778547075815e-07
-5.767051705729877550e-07
-6.337511442358499593e-07
-6.541247631408494591e-07
-6.136058840936853363e-07
-5.013357025158597816e-07
-3.160691111945030128e-07
-6.313759198165831707e-08
2.445533077493779710e-07
5.843866116751023010e-07
9.236095161412602549e-07
1.219112610699890308e-06
1.414791387221451874e-06
1.439784057961729088e-06
1.218437331930994721e-06
7.016739455594344767e-07
-8.544302668627463818e-08
-1.005623166905284592e-06
-1.815227071746922598e-06
-2.233921829672442727e-06
-2.062750641164254049e-06
-1.296166195631226800e-06
-1.600742163983740184e-07
9.837036753173234241e-03
1.661659648907682900e-06
1.713092114648964604e-06
1.159237551924806884e-06
4.929142222756888181e-02
-6.905932331407100861e-07
-1.200700086053149298e-06
-9.433289331071038986e-03
-6.304417739833487639e-07
1.564196064281980981e-07
9.102482593656893480e-07
1.396626414409687597e-06
1.502870853368081007e-06
1.245086282899723638e-06
7.316224075178656528e-07
1.103936080782043648e-07
-4.780501523663468762e-07
-9.322797158696539739e-07
-1.204546783127974237e-06
-1.297464363210776814e-06
-1.244616873244698736e-06
-1.084069790046376984e-06
-8.399048165334886638e-07
-5.236081025551186181e-07
-1.534148417604955945e-07
2.250119220866245889e-07
5.366269641667830703e-07
7.017997246573738553e-07
6.763960573561934336e-07
4.826811858888775284e-07
2.095707907321898614e-07
-2.196072874860921422e-08
-8.906382631057542520e-02
-2.828838472457528798e-08
1.827066078572589907e-07
4.178485614883889476e-07
5.701357126151710236e-07
5.812768914758224251e-07
4.696578264017293436e-07
3.183296311667558037e-07
2.272988338172157785e-07
2.535349815299172956e-07
3.713195961218871768e-07
4.780533650504406530e-07
4.471801154622371074e-07
2.015859279490633490e-07
-2.350372046885723671e-07
-7.416866560371194312e-07
-1.158457179424771772e-06
-1.364823729238664280e-06
-1.330107633976101532e-06
-1.108323206223784990e-06
-7.887412728060213746e-07
-4.420414437927676224e-07
-1.019382926060665162e-01
2.383109680929507341e-07
5.564417761395174524e-07
8.215628857033133094e-07
9.816773833801721791e-07
9.899254404534840756e-07
8.259060439822672708e-07
5.058204092210232027e-07
8.150532624391616587e-08
-3.675892920551403599e-07
-7.477420705391232250e-07
-9.702430219971667163e-07
-9.752897285944735696e-07
-7.543035404832571265e-07
-3.610728955104409630e-07
9.678777607973352835e-08
4.887127661298634006e-07
7.074944054567536583e-07
7.133947841966968798e-07
5.527965475248604664e-07
3.359127437078825790e-07
1.800499035197163809e-07
1.482738053573410474e-07
2.199666690774744151e-07
3.116220944896205193e-07
3.340395975899170086e-07
2.488815668905599641e-07
8.992099657336349774e-08
-6.085558422997704087e-08
-1.237527215312091989e-07
-6.693029522572816842e-08
7.697572847679940529e-08
4.387022780248598514e-02
2.966606836294740702e-07
4.471390438245020221e-02
3.004159388619734652e-09
-3.161973653038667266e-07
-6.479909173927528313e-07
-8.976786917386000162e-07
-9.899428226761696219e-07
-8.895285818880834853e-07
-6.109305915642832430e-07
-2.159712824825238188e-07
2.008034628670202877e-07
5.375913553910280254e-07
7.166806508431719176e-07
7.113576319528508885e-07
5.553476481167521077e-07
3.268204292984112214e-07
1.118902480141385989e-07
-3.424710920544866247e-08
-1.070488587448413692e-07
-1.425851179807973732e-07
-1.857975349624771166e-07
-2.584247066942972154e-07
-3.461733495424459421e-07
-4.099446029802474018e-07
-4.099028069622921074e-07
-3.253157133743578749e-07
-1.598848777343422637e-07
6.528978475800664282e-08
3.208810092675085220e-07
5.720125517351526938e-07
7.746670393627998220e-07
8.745026988812370860e-07
8.176547631034562194e-07
5.747200009752545719e-07
1.668054814342643307e-07
-3.243264875475945796e-07
-7.745756929933747052e-07
-1.060983337554774919e-06
-1.110674307682332564e-06
-9.299420765149502271e-07
-5.984047466783302644e-07
-2.332128405384704256e-07
1.721382595121673018e-01
2.012259951469740201e-07
1.874011036407926815e-07
5.002841126789384823e-08
-1.372599353963612611e-07
-2.796668931889621660e-07
-2.871254573870896516e-07
-1.092134606512089497e-07
2.327357596106622355e-07
6.372747934642767156e-07
9.533164594070652232e-07
1.043684482604256462e-06
8.532195110585506091e-07
4.444826376279086511e-07
-2.184031638531125818e-08
-3.555804594020128308e-07
-4.224527241408130426e-07
-2.047680833532403545e-07
5.198746841769679577e-02
5.920775749006323247e-07
8.282868659176297261e-07
8.182975373314373493e-07
5.906432552504000938e-07
2.572095944627617546e-07
-5.073596574085769546e-08
-2.456123425701386303e-07
-3.141896828549348060e-07
-3.067861179689706515e-07
-2.991508451059065643e-07
-3.509980217657593163e-07
-4.794728579912797255e-07
-6.538727570054605699e-07
-8.093043751463216750e-07
-8.733501567781492687e-07
-7.973191111761802588e-07
-5.805079080175529410e-07
-2.757663993366397459e-07
2.845115672954617327e-08
2.426342828159271624e-07
3.114493725339423040e-07
2.336283525193845219e-07
5.907027888218546455e-08
-1.328424935853531901e-07
-2.623543296254232377e-07
-2.743553898220659420e-07
-1.527190002449342733e-07
7.719690012238685837e-08
3.562802214153952465e-07
6.077059430286433528e-07
7.588232849296423924e-07
7.639274085989095807e-07
6.202570571026554053e-07
3.703288919842320704e-07
