-2.807303846816378012e-03
-5.245622066708810483e-05
1.195157756436387997e-03
7.143538997276058233e-04
-4.509442657120088169e-04
-1.308110731245357150e-03
-1.664442154877543434e-03
-1.806223454779487536e-03
-1.803640430177805287e-03
-1.396039504217239102e-03
-5.372127956091016232e-04
2.048180567425159082e-04
2.918261135021089914e-05
-1.266432759565547239e-03
-2.910753277369157455e-03
-3.689334790716314316e-03
-2.923829194241472917e-03
-1.062134136961018216e-03
5.702262599010521349e-04
6.674044656939936981e-04
-1.093796195465041032e-03
-3.671119845340818644e-03
-5.253368228873289691e-03
-4.615458712876968628e-03
-2.256233057036483025e-03
-1.976753052257973486e-04
-3.162997768551001343e-04
-2.561095092471710188e-03
-4.840896936698785291e-03
-4.940381816146671712e-03
-2.727887122816519128e-03
-3.797217039614025902e-04
-2.215935886949946254e-04
-2.316322352103369897e-03
-4.365571238252166641e-03
-4.143288896354735407e-03
-1.921107681673750456e-03
-2.276455123542131531e-04
-1.100787837409300529e-03
-3.762116891639744054e-03
-5.294965472200097167e-03
-3.726418386423402396e-03
-3.042208712700222861e-04
1.469243348997395504e-03
-8.381156013600454813e-04
-6.165931451661998963e-03
-1.075654949640203473e-02
-1.133565816935122594e-02
-7.722256463048027264e-03
-2.712743059497091380e-03
3.169416935566715665e-04
-1.225022928184049675e-04
-2.899369654984162992e-03
-5.385582572026481607e-03
-5.362995354559751959e-03
-2.544489883700151722e-03
1.028977819918175385e-03
2.064666487051169952e-03
-1.653520466852853588e-03
-8.894879610396699832e-03
-1.448856486876692884e-02
-1.189201759078914455e-02
2.234752465636091756e-03
2.457649207189938068e-02
4.579802932387266878e-02
5.550055575728762847e-02
4.843380541447217524e-02
2.775255833822498630e-02
3.130843459786980532e-03
-1.485427309096898352e-02
-2.030409325179771685e-02
-1.429644481024006097e-02
-3.226242656900524253e-03
5.121417174500209057e-03
5.477585169540333254e-03
-2.490966031928110169e-03
-1.384569628482879011e-02
-2.039868419469303973e-02
-1.486688954268100549e-02
4.423886400901189120e-03
3.120608016206105617e-02
5.368233595859450702e-02
6.104947809681959825e-02
5.009193777634024514e-02
2.712931327608103516e-02
3.769019119697958331e-03
-1.043672294883474239e-02
-1.308894626751921919e-02
-8.520283895094848958e-03
-3.101440449281511746e-03
-5.719853761565474315e-04
-8.235393489535169920e-04
-1.984254592749756796e-03
-2.916218829339012331e-03
-3.722964771015635499e-03
-4.548592637642956404e-03
-4.735629168968413794e-03
-3.540436751870768006e-03
-1.419841504169960800e-03
-7.667372970154850975e-05
-8.949455186608723523e-04
-3.354883197990377042e-03
-5.224691182079466145e-03
-4.540995585534335355e-03
-1.529951908113669212e-03
1.406040264967267639e-03
1.722644366183967435e-03
-9.887250094937627409e-04
-4.507981400586502652e-03
-5.771945334370406910e-03
-3.465838343929217302e-03
7.739488840787789314e-04
3.596210786983133900e-03
2.612718309149109075e-03
-1.669619749303130618e-03
-6.169934522453957015e-03
-7.439285220309344027e-03
-3.991799200904394551e-03
2.839363007063777644e-03
9.844727983709944397e-03
1.383692671494562987e-02
1.333596746475329553e-02
9.210810841540961746e-03
4.004435539368245145e-03
3.006938669227743333e-04
-8.845537162147643073e-04
-5.278969412922940307e-04
-4.279443303540908516e-04
-1.390156474988302193e-03
-2.458377768212116621e-03
-2.029180665977570186e-03
1.912246784765425645e-04
2.457249282604712093e-03
2.469825236429912252e-03
-2.308145948607398523e-04
-3.430720855826296933e-03
-4.073025982741007578e-03
-1.193609609950248285e-03
2.887837449624841568e-03
4.464475404245771273e-03
1.837707864181137296e-03
-2.904353326554698356e-03
-5.468365701865707251e-03
-3.040492813118689241e-03
3.059793054976722715e-03
8.023030026063082687e-03
7.016170504280050402e-03
-1.225454378778412234e-03
-1.334602932805406539e-02
-2.347535728231164853e-02
-2.681660992768541973e-02
-2.222501941097743128e-02
-1.233991778915122239e-02
-1.682168553208462924e-03
5.728362482320559224e-03
7.910669622258614808e-03
5.291015211253302652e-03
2.477321336882276626e-04
-3.900025321713407322e-03
-4.425565205855797046e-03
-8.674794972116650627e-04
4.270460000470599482e-03
6.905152972960237889e-03
4.511432326022468686e-03
-1.301607562988138511e-03
-5.469429808838910390e-03
-3.704456437781722400e-03
2.981786012970388811e-03
7.923465984926658656e-03
3.916856680696412241e-03
-1.008389131673315120e-02
-2.679253407826198696e-02
-3.551168105805757591e-02
-3.033927110119805093e-02
-1.469236428740572364e-02
1.593640119669892385e-03
9.805401935130408919e-03
8.097231317901076864e-03
1.283178529092765530e-03
-4.039701729851685741e-03
-4.383724623321150204e-03
-7.709240729960598060e-04
3.281299281841398852e-03
4.738334336425120696e-03
2.842628836440763695e-03
-8.220015198143193480e-04
-3.513033786926467172e-03
-3.104519330562049984e-03
3.476582690243867901e-04
4.341073306819778765e-03
5.597406789049741427e-03
2.748550579994568643e-03
-2.211833584689043564e-03
-5.309649318740228274e-03
-3.905920412128782715e-03
9.344499567860431455e-04
5.220584926110660717e-03
5.334061203748685642e-03
9.899545570011270001e-04
-4.550545589538046443e-03
-6.937398792580484752e-03
-3.711002743482752497e-03
4.314659571496903823e-03
1.378057064845261692e-02
2.069029395890176204e-02
2.227877234844122256e-02
1.812272275923199061e-02
1.022994103402474764e-02
2.062462439742063225e-03
-3.210921877439987249e-03
-4.385156080275898205e-03
-2.729099459055639443e-03
-8.631169394517357318e-04
-7.393979944740891597e-04
-2.267884153408505910e-03
-3.699408914365154288e-03
-3.419374457870327788e-03
-1.547342015944974669e-03
1.272018091048598976e-04
-1.694147123992850723e-04
-2.463282307231806634e-03
-4.904476592980211436e-03
-5.387696325730439995e-03
-3.428610457247960319e-03
-6.045164175697004261e-04
7.702789030901158185e-04
-4.762435462697389710e-04
-3.480831649777971215e-03
-6.022772604087567316e-03
-6.147067352252677530e-03
-3.579495751464989439e-03
-4.000930154468562705e-05
1.788909384857317875e-03
1.424973779693416986e-04
-4.244036545805740523e-03
-8.159412682273214923e-03
-8.032967178885908055e-03
-2.977500792771259341e-03
3.677663843133061050e-03
6.222028762081777131e-03
1.075584289148778794e-03
-9.363052611929489899e-03
-1.708878260852042530e-02
-1.366105449851628961e-02
3.286765529249002782e-03
2.728025125982647126e-02
4.652873987959971203e-02
5.143023669269908282e-02
4.056584364242610263e-02
2.091336814386579590e-02
2.582576240997447314e-03
-7.593278635024902634e-03
-9.026057591124292401e-03
-5.640532833398381740e-03
-1.881312313686933635e-03
7.919946624213025643e-05
4.007357245896514542e-04
-2.385973338014935052e-05
-8.111678744384676065e-04
-2.003308725979202620e-03
-3.246993955631771733e-03
-3.405786555378043090e-03
-1.164803414618553745e-03
3.793383443921882758e-03
9.989020056421438198e-03
1.449383404645665507e-02
1.449821198460110594e-02
9.272604005488016554e-03
1.125590965848521918e-03
-5.682648319805194692e-03
-7.697552392394779730e-03
-4.763197531205687341e-03
-1.231080192671818452e-04
2.205904339526831848e-03
6.779857689389601205e-04
-2.761593201557221988e-03
-4.765707918966799461e-03
-3.755144595930959284e-03
-1.164300997861245079e-03
2.608947551163698364e-04
-7.656046261040327927e-04
-2.984443949793635920e-03
-4.059543144683264160e-03
-2.925705256140331834e-03
-6.919031431167343982e-04
5.875099370717395963e-04
-1.015384392588081219e-04
-1.889875879096988842e-03
-2.971591223322474218e-03
-2.323736317885600512e-03
-5.959995445802557246e-04
5.768186959744792119e-04
1.451439853285586834e-04
-1.359276068862425718e-03
-2.306761312524802099e-03
-1.491724835617797007e-03
6.555185177386513296e-04
2.192482305132442688e-03
1.015996109043987294e-03
-3.480467785383384305e-03
